Map from character to field name
A:	Australia
B:	Bahrain
C:	Canada
D:	Germany
E:	Italy
F:	Japan
G:	USA
H:	?


Substitution rate (mu): 47.481053

Equilibrium frequencies (pi_i):
  A: 0.1239
  B: 0.1269
  C: 0.1469
  D: 0.1272
  E: 0.1273
  F: 0.1266
  G: 0.2212

Symmetrized rates from j->i (W_ij):
	A	B	C	D	E	F	G
  A	0	0.9228	0.9803	0.9171	0.9171	0.9174	2.4716
  B	0.9228	0	0.9605	0.9135	0.9135	0.9136	1.4235
  C	0.9803	0.9605	0	0.9603	0.9603	0.9606	1.1485
  D	0.9171	0.9135	0.9603	0	0.9134	0.9135	1.4038
  E	0.9171	0.9135	0.9603	0.9134	0	0.9135	1.4035
  F	0.9174	0.9136	0.9606	0.9135	0.9135	0	1.4366
  G	2.4716	1.4235	1.1485	1.4038	1.4035	1.4366	0

Actual rates from j->i (Q_ij):
	A	B	C	D	E	F	G
  A	0	0.1144	0.1215	0.1137	0.1137	0.1137	0.3064
  B	0.1171	0	0.1219	0.1159	0.1159	0.1159	0.1806
  C	0.144	0.1411	0	0.1411	0.1411	0.1411	0.1687
  D	0.1167	0.1162	0.1222	0	0.1162	0.1162	0.1786
  E	0.1167	0.1163	0.1222	0.1163	0	0.1163	0.1787
  F	0.1162	0.1157	0.1216	0.1157	0.1157	0	0.1819
  G	0.5466	0.3148	0.254	0.3104	0.3104	0.3177	0
