Map from character to field name
A:	Australia
B:	Bahrain
C:	Canada
D:	Germany
E:	Italy
F:	Japan
G:	USA
H:	?


Substitution rate (mu): 47.871929

Equilibrium frequencies (pi_i):
  A: 0.1237
  B: 0.1268
  C: 0.1466
  D: 0.1272
  E: 0.1272
  F: 0.1266
  G: 0.2219

Symmetrized rates from j->i (W_ij):
	A	B	C	D	E	F	G
  A	0	0.9225	0.9797	0.9166	0.9165	0.9168	2.4721
  B	0.9225	0	0.9599	0.913	0.913	0.9131	1.4236
  C	0.9797	0.9599	0	0.9597	0.9597	0.96	1.1503
  D	0.9166	0.913	0.9597	0	0.9129	0.913	1.4036
  E	0.9165	0.913	0.9597	0.9129	0	0.913	1.4034
  F	0.9168	0.9131	0.96	0.913	0.913	0	1.4335
  G	2.4721	1.4236	1.1503	1.4036	1.4034	1.4335	0

Actual rates from j->i (Q_ij):
	A	B	C	D	E	F	G
  A	0	0.1141	0.1212	0.1134	0.1134	0.1134	0.3059
  B	0.117	0	0.1217	0.1158	0.1158	0.1158	0.1805
  C	0.1436	0.1407	0	0.1407	0.1407	0.1407	0.1686
  D	0.1166	0.1161	0.1221	0	0.1161	0.1161	0.1785
  E	0.1166	0.1162	0.1221	0.1162	0	0.1162	0.1786
  F	0.1161	0.1156	0.1215	0.1156	0.1156	0	0.1815
  G	0.5484	0.3158	0.2552	0.3114	0.3114	0.318	0
